245439 58078
103404 9138
106096 18529
103407 15296
106095 19631
35786 5622
232122 20450
288875 2791
288876 2342
288877 4266
290448 8366
211996 65
212154 107
212990 115
214166 233
208023 1493
208542 1781
261643 2582
204240 14582
205920 14546
273338 11808
276156 7270
276013 9181
280449 12773
164086 419
164125 671
198764 1129
204434 419
250067 635
258294 527
274661 406
275468 527
203606 664
203607 3635
203608 2705
204199 2214
205952 594
197689 1421
197659 2798
226832 1490
198280 3865
198824 2950
213730 1903
258323 1977
279827 2381
279838 19122
266464 13877
266466 11369
268020 20495
268019 23382
260371 47218
234197 4399
219821 1716
219822 2026
220464 3664
220597 1133
220671 3520
6387 4066
149935 10978
258314 8525
149567 3683
149769 3768
230296 4366
33922 5000
257418 5000
275501 3199
156271 31000
156727 31000
209187 31000
215860 31000
217345 31000
261867 31000
289567 7000
34207 2512
147368 2725
275501 2732
6031 1860
6355 1831
7067 1498
15613 2004
17173 2056
25438 1700
19162 2952
59229 1820
204776 7309
152293 2032
154702 1642
198446 1831
235237 2084
275368 3140
275429 1824
108532 11955
108928 15437
114249 28888
114211 18052
219780 43242
219781 41564
219782 46794
220466 54728
220589 43794
220663 80924
231897 60144
231973 98053
14745 38005
29733 14632
50064 87176
61922 24002
204495 30979
134658 27610
229889 21934
257412 59785
257413 511904
257454 18626
